# x, y
4.861737678377348049e-02 1.056994549175038323e+00 5.550472337299448000e-01 1.425000000000000000e+03 0.000000000000000000e+00
-1.755926052645842561e-01 5.547698532158432672e-01 -3.335212474225300316e-01 1.425000000000000000e+03 0.000000000000000000e+00
-5.789947124937307871e-02 8.121303711400651437e-01 1.358110565994317120e-01 1.425000000000000000e+03 0.000000000000000000e+00
1.051830691011618052e-01 1.192659941716267769e+00 7.755890228093232919e-01 1.425000000000000000e+03 0.000000000000000000e+00
1.349190655442750707e-02 1.052124180807946452e+00 6.628138929368507792e-01 1.182000000000000000e+03 0.000000000000000000e+00
-2.088933757417564263e-01 5.512452445291321501e-01 -2.180137601807352610e-01 1.182000000000000000e+03 0.000000000000000000e+00
-9.234067907165387223e-02 8.077085893331001909e-01 2.471655355239950613e-01 1.182000000000000000e+03 0.000000000000000000e+00
6.982951140279410052e-02 1.187148735406137412e+00 8.812067743165665767e-01 1.182000000000000000e+03 0.000000000000000000e+00
3.105464166910049464e-02 1.055264286728834433e+00 6.082255239586780160e-01 1.303000000000000000e+03 0.000000000000000000e+00
-1.922429905031703412e-01 5.529755069753358176e-01 -2.765998712672118609e-01 1.303000000000000000e+03 0.000000000000000000e+00
-7.523411889502433503e-02 8.100796897223423443e-01 1.907129167034035400e-01 1.303000000000000000e+03 0.000000000000000000e+00
8.739224651746708983e-02 1.189776170972594915e+00 8.274720773857424660e-01 1.303000000000000000e+03 0.000000000000000000e+00
5.888131288975120142e-02 1.058596644032634204e+00 5.255165769775631546e-01 1.495000000000000000e+03 0.000000000000000000e+00
-1.662410190346934602e-01 5.560515291019201278e-01 -3.649163424700669900e-01 1.495000000000000000e+03 0.000000000000000000e+00
-4.809171008143880988e-02 8.131557118489266545e-01 1.051406753922173309e-01 1.495000000000000000e+03 0.000000000000000000e+00
1.154470052071395192e-01 1.193941617602344518e+00 7.464015007980635552e-01 1.495000000000000000e+03 0.000000000000000000e+00
-1.377300854069775649e-01 1.058981146798457340e+00 1.284610886360583848e+00 1.425000000000000000e+03 0.000000000000000000e+00
-3.322886964825108036e-01 5.592557188171121130e-01 4.231056691375323919e-01 1.425000000000000000e+03 0.000000000000000000e+00
-2.298774228917553064e-01 8.150141418837379970e-01 8.795110200651140575e-01 1.425000000000000000e+03 0.000000000000000000e+00
-8.846319209828450159e-02 1.195735963842851968e+00 1.495422766470538400e+00 1.425000000000000000e+03 0.000000000000000000e+00
-1.753645177955625301e-01 1.054751616374403733e+00 1.392701100069374087e+00 1.182000000000000000e+03 0.000000000000000000e+00
-3.678703416499002343e-01 5.554106911588817530e-01 5.407013634528270440e-01 1.182000000000000000e+03 0.000000000000000000e+00
-2.665995054042533674e-01 8.114254494027229869e-01 9.923257627026272898e-01 1.182000000000000000e+03 0.000000000000000000e+00
-1.272380618319781109e-01 1.188558578880821948e+00 1.601973943222869234e+00 1.182000000000000000e+03 0.000000000000000000e+00
-1.573456077428460886e-01 1.055328370523138437e+00 1.338460765603454394e+00 1.303000000000000000e+03 0.000000000000000000e+00
-3.500795190662054912e-01 5.572691211936930955e-01 4.805382421836504325e-01 1.303000000000000000e+03 0.000000000000000000e+00
-2.481244204134934739e-01 8.136683822033573543e-01 9.348348823800908258e-01 1.303000000000000000e+03 0.000000000000000000e+00
-1.078506269651313132e-01 1.192788109304875332e+00 1.547999082125698145e+00 1.303000000000000000e+03 0.000000000000000000e+00
1.072358563223573535e-01 1.057571303323772804e+00 3.283407599157948109e-01 1.495000000000000000e+03 0.000000000000000000e+00
-1.258695370178477546e-01 5.552825235702740780e-01 -5.678505590137584713e-01 1.495000000000000000e+03 0.000000000000000000e+00
-3.614653622202025369e-03 8.114895331970267689e-01 -9.499204047343305646e-02 1.495000000000000000e+03 0.000000000000000000e+00
1.660824233299629527e-01 1.193172612070698468e+00 5.510957944587950852e-01 1.495000000000000000e+03 0.000000000000000000e+00
9.720000768540135172e-02 1.056225543643392051e+00 3.581031946877866190e-01 1.425000000000000000e+03 0.000000000000000000e+00
-1.349930357787168245e-01 5.548339370101471602e-01 -5.369699022440754810e-01 1.425000000000000000e+03 0.000000000000000000e+00
-1.342241479013629030e-02 8.104001086938614762e-01 -6.473472881755193420e-02 1.425000000000000000e+03 0.000000000000000000e+00
-1.245010122037173844e-01 8.254598003552638952e-01 5.799269711921611892e-01 1.425000000000000000e+03 0.000000000000000000e+00
6.275879986312056513e-02 1.050393918361742784e+00 4.650095106205013318e-01 1.182000000000000000e+03 0.000000000000000000e+00
-1.678376313178455426e-01 5.489382279341938897e-01 -4.218770864018679401e-01 1.182000000000000000e+03 0.000000000000000000e+00
-4.717936020535189873e-02 8.050170699723389056e-01 4.608141602227356498e-02 1.182000000000000000e+03 0.000000000000000000e+00
1.211491919326826983e-01 1.185995227108668448e+00 6.853328264434067618e-01 1.182000000000000000e+03 0.000000000000000000e+00
7.963727257072836241e-02 1.053662191871238551e+00 4.104098156329165636e-01 1.303000000000000000e+03 0.000000000000000000e+00
-1.514153335482811835e-01 5.519501662664743069e-01 -4.801454850212643621e-01 1.303000000000000000e+03 0.000000000000000000e+00
-3.030088749774409798e-02 8.082212596875308908e-01 -9.906139137212902068e-03 1.303000000000000000e+03 0.000000000000000000e+00
1.382557521093122355e-01 1.189199416823860433e+00 6.318570824166790389e-01 1.303000000000000000e+03 0.000000000000000000e+00
1.072358563223573535e-01 1.057571303323772804e+00 3.283407599157948109e-01 1.495000000000000000e+03 0.000000000000000000e+00
-1.258695370178477546e-01 5.552825235702740780e-01 -5.678505590137584713e-01 1.495000000000000000e+03 0.000000000000000000e+00
-3.614653622202025369e-03 8.114895331970267689e-01 -9.499204047343305646e-02 1.495000000000000000e+03 0.000000000000000000e+00
-2.752511182076383012e+00 1.193172612070698468e+00 2.640805458156736396e+00 1.495000000000000000e+03 0.000000000000000000e+00
3.677117459451696990e-01 1.686745995798874853e+00 1.305553506959562959e+00 1.495000000000000000e+03 0.000000000000000000e+00
4.080832279620154046e-01 1.690783274840016892e+00 1.206757612566946802e+00 1.764000000000000000e+03 0.000000000000000000e+00
5.654635815870070470e-01 1.682067878814694550e+00 6.374964363054748118e-01 1.425000000000000000e+03 0.000000000000000000e+00
6.126776876745045897e-01 1.688155839273559389e+00 5.126464989188131982e-01 1.764000000000000000e+03 0.000000000000000000e+00
-2.364798941682022981e+00 -2.287282340365161648e+00 -2.489691821291629026e+00 1.425000000000000000e+03 0.000000000000000000e+00
-2.481123550883104212e+00 -2.290819765810733433e+00 7.039314153802034291e-01 1.220000000000000000e+02 0.000000000000000000e+00
-2.374264571646425015e+00 -2.289845692137315147e+00 -2.182819230949414102e+00 1.425000000000000000e+03 0.000000000000000000e+00
-2.487350338787396975e+00 -2.294004730387634527e+00 9.002394829752685679e-01 1.220000000000000000e+02 0.000000000000000000e+00
-2.353280524496426107e+00 -2.282219720615158209e+00 -2.784749913883445505e+00 1.425000000000000000e+03 0.000000000000000000e+00
-2.473847560621310837e+00 -2.285417501950919750e+00 5.180631770551319404e-01 1.220000000000000000e+02 0.000000000000000000e+00
3.861012981350464557e-01 5.523667109294493338e-01 3.737861936603610880e-01 1.425000000000000000e+03 0.000000000000000000e+00
2.643239728776649589e-01 3.162179289197985521e-01 -9.851665314354485226e-02 1.425000000000000000e+03 0.000000000000000000e+00
-1.419367847096342228e-01 1.769157810518260932e-01 -9.851665314354485226e-02 1.425000000000000000e+03 0.000000000000000000e+00
4.487897134489867712e-01 6.794128331368123330e-01 5.524886863187394859e-01 1.425000000000000000e+03 0.000000000000000000e+00
-1.823643967717312464e-01 3.452879401108779889e-01 4.396523846882656184e-01 1.182000000000000000e+03 0.000000000000000000e+00
-2.458457741378485273e-01 -3.592252077980284675e-02 -4.472199841525606456e-01 1.182000000000000000e+03 0.000000000000000000e+00
-2.069216667731738624e-01 1.625289692306139955e-01 1.899425628596839929e-02 1.182000000000000000e+03 0.000000000000000000e+00
-1.739002144914404968e-01 4.418622181267650162e-01 6.623885739576975684e-01 1.182000000000000000e+03 0.000000000000000000e+00
-1.488974622925022251e-01 3.552129177536852422e-01 3.822043019820005605e-01 1.303000000000000000e+03 0.000000000000000000e+00
-2.142721412788509971e-01 -2.879319866350063192e-02 -5.095500103576565687e-01 1.303000000000000000e+03 0.000000000000000000e+00
2.424061926513583765e-01 3.132540534332459159e-01 -4.077106010346621956e-02 1.303000000000000000e+03 0.000000000000000000e+00
-1.398207397097800675e-01 4.529887669127692917e-01 6.061751581945032941e-01 1.303000000000000000e+03 0.000000000000000000e+00
-9.716570981758031189e-02 3.663394665396894623e-01 2.970651250574045665e-01 1.495000000000000000e+03 0.000000000000000000e+00
-1.662713113314542024e-01 -1.934083900368421816e-02 -6.037497309798222078e-01 1.495000000000000000e+03 0.000000000000000000e+00
-1.238947100935639534e-01 1.803602849956575105e-01 -1.303572316129513464e-01 1.495000000000000000e+03 0.000000000000000000e+00
-8.719801827811721195e-02 4.673755787339813894e-01 5.229493418952440020e-01 1.495000000000000000e+03 0.000000000000000000e+00
-4.501555692846250234e-01 3.061808046369595693e-01 1.071389996085181595e+00 1.425000000000000000e+03 0.000000000000000000e+00
-4.773300526704545299e-01 -5.970561894081550386e-02 1.867148165348994915e-01 1.425000000000000000e+03 0.000000000000000000e+00
-4.645780919225439565e-01 1.245513106313007601e-01 6.555404653769904000e-01 1.425000000000000000e+03 0.000000000000000000e+00
-4.429164653283222952e-01 4.014653962924818464e-01 1.287853517202300013e+00 1.425000000000000000e+03 0.000000000000000000e+00
-5.300084573240170238e-01 2.636051337963458141e-01 1.183539934007042493e+00 1.182000000000000000e+03 0.000000000000000000e+00
-5.424263052833683263e-01 -7.425264024778720218e-02 3.101623828890145429e-01 1.182000000000000000e+03 0.000000000000000000e+00
-5.336280095302559090e-01 1.016253332191019570e-01 7.719814155544186818e-01 1.182000000000000000e+03 0.000000000000000000e+00
-5.265559613980138609e-01 3.504867379237770475e-01 1.397963793475371252e+00 1.182000000000000000e+03 0.000000000000000000e+00
-4.902490694705132768e-01 2.847287544937491255e-01 1.126360377603845331e+00 1.303000000000000000e+03 0.000000000000000000e+00
-5.095719092818705720e-01 -6.615405074263941421e-02 2.479214382920731929e-01 1.303000000000000000e+03 0.000000000000000000e+00
-4.994928485615587332e-01 1.125275887250427598e-01 7.135716396927167526e-01 1.303000000000000000e+03 0.000000000000000000e+00
-4.842350442943730293e-01 3.776742876571811958e-01 1.341915613070816304e+00 1.303000000000000000e+03 0.000000000000000000e+00
-5.674568576804497888e-03 3.796608852806002132e-01 9.703270373768045631e-02 1.495000000000000000e+03 0.000000000000000000e+00
-9.087325781183025475e-02 -1.517539237393461006e-02 -8.046339398195350157e-01 1.495000000000000000e+03 0.000000000000000000e+00
-4.058932475964419084e-02 1.897325399125941170e-01 -3.303131788125368007e-01 1.495000000000000000e+03 0.000000000000000000e+00
8.135416039557783613e-03 4.823071028067761334e-01 3.242002837054872577e-01 1.495000000000000000e+03 0.000000000000000000e+00
-2.416212767124521765e-02 3.758158576223698533e-01 1.274310722662171103e-01 1.425000000000000000e+03 0.000000000000000000e+00
-1.079686804773475201e-01 -1.717801094592961292e-02 -7.714286620194436006e-01 1.425000000000000000e+03 0.000000000000000000e+00
-5.846434355165349567e-02 1.861278264830031060e-01 -2.986950122617764714e-01 1.425000000000000000e+03 0.000000000000000000e+00
-1.063057170919244100e-02 4.785822322628653924e-01 3.540935612118609743e-01 1.425000000000000000e+03 0.000000000000000000e+00
-9.026071750939916594e-02 3.608362707038472172e-01 2.400092124940850502e-01 1.182000000000000000e+03 0.000000000000000000e+00
-1.696124369361708406e-01 -2.951414134941883483e-02 -6.497886589248580425e-01 1.182000000000000000e+03 0.000000000000000000e+00
-1.226139442140142394e-01 1.718691822503986832e-01 -1.819361234739873823e-01 1.182000000000000000e+03 0.000000000000000000e+00
-7.739738484358987813e-02 4.603023299376950428e-01 4.639266988918425705e-01 1.182000000000000000e+03 0.000000000000000000e+00
-5.696083885423075532e-02 3.688227135689632896e-01 1.827107235694029885e-01 1.303000000000000000e+03 0.000000000000000000e+00
-1.384842885555434833e-01 -2.222460974735702283e-02 -7.120776966599441371e-01 1.303000000000000000e+03 0.000000000000000000e+00
-9.026071750939916594e-02 1.793189233382201098e-01 -2.406353438924180022e-01 1.303000000000000000e+03 0.000000000000000000e+00
-4.376339454029989223e-02 4.708040617292368335e-01 4.072177655054548540e-01 1.303000000000000000e+03 0.000000000000000000e+00
-5.674568576804497888e-03 3.796608852806002132e-01 9.703270373768045631e-02 1.495000000000000000e+03 0.000000000000000000e+00
-9.087325781183025475e-02 -1.517539237393461006e-02 -8.046339398195350157e-01 1.495000000000000000e+03 0.000000000000000000e+00
-4.058932475964419084e-02 1.897325399125941170e-01 -3.303131788125368007e-01 1.495000000000000000e+03 0.000000000000000000e+00
8.135416039557783613e-03 4.823071028067761334e-01 3.242002837054872577e-01 1.495000000000000000e+03 0.000000000000000000e+00
4.399682417295047721e-02 8.545378220206313324e-01 1.098026113043917062e+00 1.495000000000000000e+03 0.000000000000000000e+00
1.300864778029678925e-01 8.937330727117175355e-01 9.959423403077496406e-01 1.764000000000000000e+03 0.000000000000000000e+00
4.046712720746690750e-01 9.082720835444012542e-01 4.170396394098872528e-01 1.425000000000000000e+03 0.000000000000000000e+00
4.944918482322115949e-01 9.261354412065967434e-01 2.886015430906432866e-01 1.764000000000000000e+03 0.000000000000000000e+00
-2.317946924451597557e+00 -2.361547447489024343e+00 -3.031384868744797512e+00 1.425000000000000000e+03 0.000000000000000000e+00
-2.451388785429418515e+00 -2.358944043345430508e+00 4.490272675489438425e-01 1.220000000000000000e+02 0.000000000000000000e+00
-2.331133231254416405e+00 -2.367491219410705394e+00 -2.706790842724000168e+00 1.425000000000000000e+03 0.000000000000000000e+00
-2.459539348580241480e+00 -2.364351113489817191e+00 6.413827651564458776e-01 1.220000000000000000e+02 0.000000000000000000e+00
-2.301731330950834042e+00 -2.352591737235062652e+00 -3.338408202430281246e+00 1.425000000000000000e+03 0.000000000000000000e+00
-2.441702195729401836e+00 -2.350605139611643413e+00 2.738130350279637248e-01 1.220000000000000000e+02 0.000000000000000000e+00
1.049784513307742362e+00 -3.895048558512406167e-01 -1.007620863344222961e-01 1.425000000000000000e+03 0.000000000000000000e+00
7.904946785238430307e-01 -7.132561846742407896e-01 -1.071531050141879549e+00 1.425000000000000000e+03 0.000000000000000000e+00
9.621076902157905675e-01 -5.399736048766572427e-01 -5.904564634578326476e-01 1.425000000000000000e+03 0.000000000000000000e+00
1.200687182812517184e+00 -2.783835565283818703e-01 6.867635251712976563e-02 1.425000000000000000e+03 0.000000000000000000e+00
1.051061803134264006e+00 -3.722022313892037748e-01 -2.749520561425460724e-02 1.182000000000000000e+03 0.000000000000000000e+00
7.324692264047156787e-01 -7.133843522628484646e-01 -9.339793041441535326e-01 1.182000000000000000e+03 0.000000000000000000e+00
8.996117237038373515e-01 -5.401017724652649177e-01 -4.572345509792243856e-01 1.182000000000000000e+03 0.000000000000000000e+00
1.131622297192738102e+00 -2.785117241169895452e-01 1.976672372459394034e-01 1.182000000000000000e+03 0.000000000000000000e+00
1.085366158475131959e+00 -3.720740638005960998e-01 -9.572067413065984964e-02 1.303000000000000000e+03 0.000000000000000000e+00
7.619381274023228068e-01 -7.132561846742407896e-01 -1.003024202845832491e+00 1.303000000000000000e+03 0.000000000000000000e+00
9.314527343792704528e-01 -5.399736048766572427e-01 -5.251307171853045741e-01 1.303000000000000000e+03 0.000000000000000000e+00
1.166930237397301395e+00 -2.783835565283818703e-01 1.315776354998864917e-01 1.303000000000000000e+03 0.000000000000000000e+00
1.136001576597955198e+00 -3.720740638005960998e-01 -1.941509325255126872e-01 1.495000000000000000e+03 0.000000000000000000e+00
8.062783313801465956e-01 -7.132561846742407896e-01 -1.109405885207694675e+00 1.495000000000000000e+03 0.000000000000000000e+00
9.791686328986156651e-01 -5.399736048766572427e-01 -6.278415475541684332e-01 1.495000000000000000e+03 0.000000000000000000e+00
1.219390355272298665e+00 -2.783835565283818703e-01 3.411306545846895522e-02 1.495000000000000000e+03 0.000000000000000000e+00
8.767117418140558671e-01 -3.578474614651436236e-01 5.779266961651273737e-01 1.425000000000000000e+03 0.000000000000000000e+00
5.888653559086363121e-01 -7.012084313451188988e-01 -3.171815848924844916e-01 1.425000000000000000e+03 0.000000000000000000e+00
7.402242003514544200e-01 -5.266441756614584913e-01 1.558713037994183814e-01 1.425000000000000000e+03 0.000000000000000000e+00
9.488786170125304009e-01 -2.640287866043217191e-01 7.985777878311981492e-01 1.425000000000000000e+03 0.000000000000000000e+00
8.056396864668857738e-01 -3.582319642309666485e-01 7.111620641690633571e-01 1.182000000000000000e+03 0.000000000000000000e+00
5.263693893966830961e-01 -7.013365989337265738e-01 -1.738016176742684660e-01 1.182000000000000000e+03 0.000000000000000000e+00
6.734401894218926543e-01 -5.269005108386738412e-01 2.928672272985363145e-01 1.182000000000000000e+03 0.000000000000000000e+00
8.754344519875342234e-01 -2.642851217815370690e-01 9.302542748056061850e-01 1.182000000000000000e+03 0.000000000000000000e+00
8.420424465227533961e-01 -3.579756290537512986e-01 6.420401448343131534e-01 1.303000000000000000e+03 0.000000000000000000e+00
5.582104000721161974e-01 -7.010802637565112239e-01 -2.459790154389348005e-01 1.303000000000000000e+03 0.000000000000000000e+00
7.072883698247169892e-01 -5.269005108386738412e-01 2.238611687056785426e-01 1.303000000000000000e+03 0.000000000000000000e+00
9.131145018699236005e-01 -2.640287866043217191e-01 8.621500944698843316e-01 1.303000000000000000e+03 0.000000000000000000e+00
1.198953718047951922e+00 -3.756627562816111654e-01 -3.923491056783326436e-01 1.495000000000000000e+03 0.000000000000000000e+00
8.584647442923177829e-01 -7.164603743894328858e-01 -1.310414698996238192e+00 1.495000000000000000e+03 0.000000000000000000e+00
1.036829145067308389e+00 -5.434341297690645778e-01 -8.275829790047311008e-01 1.495000000000000000e+03 0.000000000000000000e+00
1.285170781338164758e+00 -2.822285841866122857e-01 -1.626211503077859277e-01 1.495000000000000000e+03 0.000000000000000000e+00
1.181071660476648466e+00 -3.757909238702188404e-01 -3.570377554853979563e-01 1.425000000000000000e+03 0.000000000000000000e+00
8.430460313864489574e-01 -7.163322068008252108e-01 -1.273082494737532988e+00 1.425000000000000000e+03 0.000000000000000000e+00
1.020041907347309262e+00 -5.435622973576722528e-01 -7.907492510771684247e-01 1.425000000000000000e+03 0.000000000000000000e+00
1.266832548828817906e+00 -2.823567517752199607e-01 -1.285251318072380133e-01 1.425000000000000000e+03 0.000000000000000000e+00
1.115564939373608455e+00 -3.757909238702188404e-01 -2.268136925901333423e-01 1.182000000000000000e+03 0.000000000000000000e+00
7.862066341062345920e-01 -7.164603743894328858e-01 -1.136879090373037471e+00 1.182000000000000000e+03 0.000000000000000000e+00
9.588232306618776901e-01 -5.435622973576722528e-01 -6.582292496578640018e-01 1.182000000000000000e+03 0.000000000000000000e+00
1.198953718047951922e+00 -2.824849193638276357e-01 -2.619007814301581262e-04 1.182000000000000000e+03 0.000000000000000000e+00
1.149230649801215476e+00 -3.757909238702188404e-01 -2.946508353994009566e-01 1.303000000000000000e+03 0.000000000000000000e+00
8.150368901905808983e-01 -7.164603743894328858e-01 -1.205182050654352466e+00 1.303000000000000000e+03 0.000000000000000000e+00
9.901168314116586266e-01 -5.434341297690645778e-01 -7.261385133290758631e-01 1.303000000000000000e+03 0.000000000000000000e+00
1.233531778351645736e+00 -2.823567517752199607e-01 -6.561710221654444564e-02 1.303000000000000000e+03 0.000000000000000000e+00
1.198953718047951922e+00 -3.756627562816111654e-01 -3.923491056783326436e-01 1.495000000000000000e+03 0.000000000000000000e+00
8.584647442923177829e-01 -7.164603743894328858e-01 -1.310414698996238192e+00 1.495000000000000000e+03 0.000000000000000000e+00
1.036829145067308389e+00 -5.434341297690645778e-01 -8.275829790047311008e-01 1.495000000000000000e+03 0.000000000000000000e+00
1.285170781338164758e+00 -2.822285841866122857e-01 -1.626211503077859277e-01 1.495000000000000000e+03 0.000000000000000000e+00
1.582049431016844698e+00 6.536191611741644369e-02 6.188315496962669693e-01 1.495000000000000000e+03 0.000000000000000000e+00
1.657044590831188602e+00 6.523374852880875485e-02 4.992578177767493797e-01 1.764000000000000000e+03 0.000000000000000000e+00
1.835408991606179319e+00 4.998180548449481647e-02 -4.964245379023341648e-02 1.425000000000000000e+03 0.000000000000000000e+00
1.925549159363565854e+00 4.998180548449481647e-02 -2.007157401086741844e-01 1.764000000000000000e+03 0.000000000000000000e+00
-2.215752904175085636e+00 -2.466806681727939043e+00 -4.032862771189187789e+00 1.425000000000000000e+03 0.000000000000000000e+00
-2.387347668869511441e+00 -2.463512774700721941e+00 -1.129912522352238304e-02 1.220000000000000000e+02 0.000000000000000000e+00
-2.233707949736475573e+00 -2.471369447882372672e+00 -3.718326166147147394e+00 1.425000000000000000e+03 0.000000000000000000e+00
-2.398259373387510607e+00 -2.468331876032370253e+00 1.633870061962665043e-01 1.220000000000000000e+02 0.000000000000000000e+00
-2.193801766156434407e+00 -2.459783097872238589e+00 -4.308594941510860643e+00 1.425000000000000000e+03 0.000000000000000000e+00
-2.374492659115446713e+00 -2.456502007603881488e+00 -1.602178691055039794e-01 1.220000000000000000e+02 0.000000000000000000e+00
-2.748306689951416804e+00 1.882646450727722964e+01 1.614394580352301434e+00 0.000000000000000000e+00 8.299999999999999600e-01
-2.748095220148486284e+00 1.823850686918789421e+01 1.233772425298027109e+00 0.000000000000000000e+00 8.299999999999999600e-01
-2.747555286813744058e+00 1.683345803193859069e+01 8.526880522189553835e-01 0.000000000000000000e+00 8.299999999999999600e-01
-2.747178424266004892e+00 1.804740067538360293e+01 4.993457498232175551e-01 0.000000000000000000e+00 8.299999999999999600e-01
-2.749149514011322015e+00 1.719039570123461402e+01 2.524693339157794814e+00 0.000000000000000000e+00 8.299999999999999600e-01
-2.749122539372246266e+00 1.727929116600464710e+01 2.510234792990013286e+00 0.000000000000000000e+00 8.299999999999999600e-01
-2.749240882167799604e+00 1.760248551008034212e+01 2.901837335141302265e+00 0.000000000000000000e+00 8.299999999999999600e-01
-2.747263040556696456e+00 1.988298777215047863e+01 6.829760553762928010e-01 0.000000000000000000e+00 8.299999999999999600e-01
-2.747851862373951182e+00 1.911880833592754314e+01 9.751281125575866904e-01 0.000000000000000000e+00 8.299999999999999600e-01
-2.746810287874970502e+00 1.831415486169345641e+01 3.652283287899411035e-01 0.000000000000000000e+00 8.299999999999999600e-01
-2.746610714304713596e+00 2.048964646756047969e+01 1.188988558131234968e-01 0.000000000000000000e+00 8.299999999999999600e-01
-2.749262329675001393e+00 1.628860477046753985e+01 2.794990852952165650e+00 0.000000000000000000e+00 8.299999999999999600e-01
-2.746647677402692889e+00 1.883885921835036825e+01 3.145914179281909528e-01 0.000000000000000000e+00 8.299999999999999600e-01
-2.749177092956742730e+00 1.696763636915485307e+01 2.573588136395114745e+00 0.000000000000000000e+00 8.299999999999999600e-01
-2.749029979073275065e+00 1.462766801490273316e+01 2.311742294354610650e+00 0.000000000000000000e+00 8.299999999999999600e-01
-2.746902415945907006e+00 1.840926534925459279e+01 3.053058993547712596e-01 0.000000000000000000e+00 8.299999999999999600e-01
-2.749242003692131675e+00 1.906076908759501976e+01 2.761239212980795443e+00 0.000000000000000000e+00 8.299999999999999600e-01
-2.748365041719154078e+00 1.718015966845365128e+01 1.697877408492477924e+00 0.000000000000000000e+00 8.299999999999999600e-01
-2.746767099426037806e+00 2.027810516889844195e+01 3.638516061747188446e-01 0.000000000000000000e+00 8.299999999999999600e-01
-2.746598518579507875e+00 2.072648099558540480e+01 3.486686100004456335e-01 0.000000000000000000e+00 8.299999999999999600e-01
